[gd_scene load_steps=6 format=2]

[ext_resource path="res://Objects/Player.tscn" type="PackedScene" id=1]
[ext_resource path="res://Objects/Tree.tscn" type="PackedScene" id=2]
[ext_resource path="res://default_env.tres" type="Environment" id=3]

[sub_resource type="SpatialMaterial" id=5]
albedo_color = Color( 0.25098, 0.745098, 0.027451, 1 )

[sub_resource type="CubeMesh" id=2]
material = SubResource( 5 )
size = Vector3( 50, 1, 50 )

[node name="World" type="Spatial"]

[node name="Player" parent="." instance=ExtResource( 1 )]
transform = Transform( 0.774296, 0, 0.632824, 0, 1, 0, -0.632824, 0, 0.774296, -1.44828, 1.00931, -5.55845 )

[node name="Tree" parent="." instance=ExtResource( 2 )]
transform = Transform( 0.775694, 0, 0.631109, 0, 1, 0, -0.631109, 0, 0.775694, 0, 1.00931, 1.1796 )

[node name="Floor" type="MeshInstance" parent="."]
transform = Transform( 0.636778, 0, 0.771047, 0, 1, 0, -0.771047, 0, 0.636778, 0, 0, 0 )
mesh = SubResource( 2 )
material/0 = null

[node name="Camera" type="Camera" parent="."]
transform = Transform( -0.169006, -0.101143, 0.980412, 0, 0.994721, 0.102619, -0.985615, 0.0173432, -0.168113, 40.126, 23.247, -5.698 )
environment = ExtResource( 3 )
current = true

[node name="SpotLight" type="SpotLight" parent="."]
transform = Transform( 1, 0, 0, 0, -0.59085, 0.806781, 0, -0.806781, -0.59085, 0, 46.4474, -17.8958 )
shadow_enabled = true
shadow_bias = 2.0
spot_range = 170.636
spot_angle = 52.7908

[editable path="Tree"]
